# Summary

Date : 2026-01-06 14:20:02

Directory /users/info/etu-1a/silventt/SAE-1.05-06

Total : 25 files,  2983 codes, 50 comments, 345 blanks, all 3378 lines

Summary / [Details](details.md) / [Diff Summary](diff.md) / [Diff Details](diff-details.md)

## Languages
| language | files | code | comment | blank | total |
| :--- | ---: | ---: | ---: | ---: | ---: |
| HTML | 8 | 1,384 | 0 | 148 | 1,532 |
| JavaScript | 4 | 889 | 19 | 19 | 927 |
| PostCSS | 12 | 626 | 31 | 134 | 791 |
| Markdown | 1 | 84 | 0 | 44 | 128 |

## Directories
| path | files | code | comment | blank | total |
| :--- | ---: | ---: | ---: | ---: | ---: |
| . | 25 | 2,983 | 50 | 345 | 3,378 |
| . (Files) | 1 | 84 | 0 | 44 | 128 |
| css | 12 | 626 | 31 | 134 | 791 |
| js | 4 | 889 | 19 | 19 | 927 |
| pages | 8 | 1,384 | 0 | 148 | 1,532 |

Summary / [Details](details.md) / [Diff Summary](diff.md) / [Diff Details](diff-details.md)